96.00
93.00
93.00
91.00
91.00
91.00
9.00
84.00
84.00
84.00
82.00
8.00
8.00
78.00
77.00
77.00
70.00
70.00
68.00
67.00
67.00
54.00
54.00
53.00
50.00
50.00
42.00
40.00
39.00
39.00
36.00
36.00
33.00
33.00
33.00
29.00
23.00
2.00
16.00
16.00
16.00
143.00
104.00
104.00
100.00
100.00
100.00
100.00
100.00
100.00
100.00
100.00
100.00
100.00
100.00
100.00
100.00
100.00
100.00
100.00
100.00
100.00
100.00
100.00
100.00
100.00
100.00
100.00
100.00
100.00
100.00
100.00
100.00
100.00
100.00
100.00
100.00








































































































































































































































































































































































































































































































































































































































































































































































































































































































































